out = vina.pdbqt
cpu = 10
energy_range = 10
center_x = -9.39914608001709
center_y = 16.370630264282227
center_z = 27.858722686767578
size_x = 26.388699769973755
size_y = 23.788999557495117
size_z = 30.39470100402832
num_modes = 1
