8.492597  0.920276  6.000000
8.492597  1.320287  6.000000
8.492597  1.720298  6.000000
8.492597  2.120308  6.000000
8.492597  2.520319  6.000000
8.492597  2.920330  6.000000
8.492597  3.320340  6.000000
8.492597  3.720351  6.000000
8.492597  4.120362  3.974677
8.492597  4.520373  2.924495
8.492597  4.920383  2.693672
8.492597  5.320394  2.247714
8.492597  5.720405  2.394583
8.492597  6.120415  2.470110
8.492597  6.520426  2.821584
8.492597  6.920437  3.120673
8.492597  7.320447  2.821584
8.492597  7.720458  3.974677
8.492597  8.120469  4.401679
8.492597  8.520480  6.000000
8.492597  8.920490  6.000000
9.107521  0.920276  6.000000
9.107521  1.320287  6.000000
9.107521  1.720298  6.000000
9.107521  2.120308  6.000000
9.107521  2.520319  6.000000
9.107521  2.920330  6.000000
9.107521  3.320340  6.000000
9.107521  3.720351  6.000000
9.107521  4.120362  2.084654
9.107521  4.520373  1.209528
9.107521  4.920383  0.770530
9.107521  5.320394  0.645062
9.107521  5.720405  0.729501
9.107521  6.120415  0.757101
9.107521  6.520426  1.005223
9.107521  6.920437  1.528845
9.107521  7.320447  1.733803
9.107521  7.720458  2.327312
9.107521  8.120469  2.870893
9.107521  8.520480  4.401679
9.107521  8.920490  6.000000
9.722445  0.920276  6.000000
9.722445  1.320287  4.401679
9.722445  1.720298  4.401679
9.722445  2.120308  6.000000
9.722445  2.520319  6.000000
9.722445  2.920330  6.000000
9.722445  3.320340  6.000000
9.722445  3.720351  2.775931
9.722445  4.120362  1.248824
9.722445  4.520373  0.574507
9.722445  4.920383  0.183734
9.722445  5.320394  0.034469
9.722445  5.720405  0.000000
9.722445  6.120415  0.175281
9.722445  6.520426  0.383852
9.722445  6.920437  0.720048
9.722445  7.320447  1.087483
9.722445  7.720458  1.793328
9.722445  8.120469  2.775931
9.722445  8.520480  4.401679
9.722445  8.920490  6.000000
10.337369  0.920276  6.000000
10.337369  1.320287  4.401679
10.337369  1.720298  3.547675
10.337369  2.120308  3.724897
10.337369  2.520319  6.000000
10.337369  2.920330  6.000000
10.337369  3.320340  3.974677
10.337369  3.720351  2.418744
10.337369  4.120362  1.179142
10.337369  4.520373  0.451785
10.337369  4.920383  0.215987
10.337369  5.320394  0.092618
10.337369  5.720405  0.020750
10.337369  6.120415  0.148741
10.337369  6.520426  0.391143
10.337369  6.920437  0.697030
10.337369  7.320447  1.038392
10.337369  7.720458  1.643490
10.337369  8.120469  2.621113
10.337369  8.520480  3.547675
10.337369  8.920490  6.000000
10.952293  0.920276  3.974677
10.952293  1.320287  3.202933
10.952293  1.720298  3.547675
10.952293  2.120308  2.821584
10.952293  2.520319  4.401679
10.952293  2.920330  6.000000
10.952293  3.320340  6.000000
10.952293  3.720351  2.775931
10.952293  4.120362  1.442242
10.952293  4.520373  0.877776
10.952293  4.920383  0.659063
10.952293  5.320394  0.545568
10.952293  5.720405  0.533900
10.952293  6.120415  0.701565
10.952293  6.520426  0.910971
10.952293  6.920437  1.122527
10.952293  7.320447  1.686993
10.952293  7.720458  2.144803
10.952293  8.120469  3.202933
10.952293  8.520480  6.000000
10.952293  8.920490  6.000000
11.567217  0.920276  6.000000
11.567217  1.320287  3.724897
11.567217  1.720298  2.983210
11.567217  2.120308  2.656325
11.567217  2.520319  3.724897
11.567217  2.920330  4.401679
11.567217  3.320340  4.401679
11.567217  3.720351  3.297895
11.567217  4.120362  2.029860
11.567217  4.520373  1.478643
11.567217  4.920383  1.227079
11.567217  5.320394  1.202644
11.567217  5.720405  1.263759
11.567217  6.120415  1.248824
11.567217  6.520426  1.407872
11.567217  6.920437  1.602858
11.567217  7.320447  2.160804
11.567217  7.720458  2.526151
11.567217  8.120469  3.724897
11.567217  8.520480  6.000000
11.567217  8.920490  6.000000
12.182141  0.920276  4.401679
12.182141  1.320287  3.724897
12.182141  1.720298  3.724897
12.182141  2.120308  2.656325
12.182141  2.520319  3.547675
12.182141  2.920330  4.401679
12.182141  3.320340  3.547675
12.182141  3.720351  3.048115
12.182141  4.120362  2.821584
12.182141  4.520373  2.144803
12.182141  4.920383  1.967581
12.182141  5.320394  1.933028
12.182141  5.720405  1.733803
12.182141  6.120415  1.775726
12.182141  6.520426  1.733803
12.182141  6.920437  1.775726
12.182141  7.320447  2.266670
12.182141  7.720458  2.693672
12.182141  8.120469  3.120673
12.182141  8.520480  6.000000
12.182141  8.920490  6.000000
12.797065  0.920276  6.000000
12.797065  1.320287  6.000000
12.797065  1.720298  6.000000
12.797065  2.120308  3.547675
12.797065  2.520319  2.924495
12.797065  2.920330  3.974677
12.797065  3.320340  3.120673
12.797065  3.720351  2.775931
12.797065  4.120362  2.587806
12.797065  4.520373  2.394583
12.797065  4.920383  2.177233
12.797065  5.320394  1.967581
12.797065  5.720405  1.900311
12.797065  6.120415  1.650531
12.797065  6.520426  1.709953
12.797065  6.920437  1.636529
12.797065  7.320447  1.933028
12.797065  7.720458  2.099150
12.797065  8.120469  2.418744
12.797065  8.520480  3.724897
12.797065  8.920490  6.000000
13.411989  0.920276  6.000000
13.411989  1.320287  6.000000
13.411989  1.720298  6.000000
13.411989  2.120308  3.974677
13.411989  2.520319  2.775931
13.411989  2.920330  2.497494
13.411989  3.320340  2.194112
13.411989  3.720351  2.327312
13.411989  4.120362  2.084654
13.411989  4.520373  2.099150
13.411989  4.920383  1.979543
13.411989  5.320394  1.775726
13.411989  5.720405  1.462778
13.411989  6.120415  1.327406
13.411989  6.520426  1.245146
13.411989  6.920437  1.393710
13.411989  7.320447  1.629646
13.411989  7.720458  1.741962
13.411989  8.120469  1.921928
13.411989  8.520480  2.870893
13.411989  8.920490  6.000000
14.026913  0.920276  6.000000
14.026913  1.320287  3.974677
14.026913  1.720298  6.000000
14.026913  2.120308  3.048115
14.026913  2.520319  2.556208
14.026913  2.920330  2.286228
14.026913  3.320340  2.348930
14.026913  3.720351  2.348930
14.026913  4.120362  2.016890
14.026913  4.520373  2.144803
14.026913  4.920383  1.879426
14.026913  5.320394  1.622839
14.026913  5.720405  1.279065
14.026913  6.120415  1.107682
14.026913  6.520426  1.143930
14.026913  6.920437  1.384446
14.026913  7.320447  1.570932
14.026913  7.720458  1.820712
14.026913  8.120469  2.070492
14.026913  8.520480  3.202933
14.026913  8.920490  6.000000
14.641838  0.920276  6.000000
14.641838  1.320287  3.048115
14.641838  1.720298  3.297895
14.641838  2.120308  3.297895
14.641838  2.520319  2.775931
14.641838  2.920330  2.587806
14.641838  3.320340  2.587806
14.641838  3.720351  2.348930
14.641838  4.120362  2.070492
14.641838  4.520373  2.016890
14.641838  4.920383  1.859226
14.641838  5.320394  1.643490
14.641838  5.720405  1.361878
14.641838  6.120415  1.375320
14.641838  6.520426  1.422368
14.641838  6.920437  1.602858
14.641838  7.320447  1.879426
14.641838  7.720458  1.979543
14.641838  8.120469  2.160804
14.641838  8.520480  3.297895
14.641838  8.920490  6.000000
15.256762  0.920276  4.401679
15.256762  1.320287  3.974677
15.256762  1.720298  3.547675
15.256762  2.120308  3.410211
15.256762  2.520319  3.297895
15.256762  2.920330  3.120673
15.256762  3.320340  3.048115
15.256762  3.720351  2.693672
15.256762  4.120362  2.016890
15.256762  4.520373  1.889780
15.256762  4.920383  1.869244
15.256762  5.320394  1.830117
15.256762  5.720405  2.084654
15.256762  6.120415  2.056648
15.256762  6.520426  1.933028
15.256762  6.920437  2.470110
15.256762  7.320447  2.621113
15.256762  7.720458  2.733430
15.256762  8.120469  2.821584
15.256762  8.520480  3.410211
15.256762  8.920490  4.401679
15.871686  0.920276  4.401679
15.871686  1.320287  3.974677
15.871686  1.720298  6.000000
15.871686  2.120308  3.724897
15.871686  2.520319  3.410211
15.871686  2.920330  3.297895
15.871686  3.320340  3.724897
15.871686  3.720351  3.048115
15.871686  4.120362  2.084654
15.871686  4.520373  2.160804
15.871686  4.920383  2.229323
15.871686  5.320394  2.211466
15.871686  5.720405  2.497494
15.871686  6.120415  2.526151
15.871686  6.520426  2.733430
15.871686  6.920437  2.924495
15.871686  7.320447  3.120673
15.871686  7.720458  3.974677
15.871686  8.120469  4.401679
15.871686  8.520480  4.401679
15.871686  8.920490  6.000000
16.486610  0.920276  6.000000
16.486610  1.320287  6.000000
16.486610  1.720298  6.000000
16.486610  2.120308  4.401679
16.486610  2.520319  3.410211
16.486610  2.920330  3.547675
16.486610  3.320340  4.401679
16.486610  3.720351  3.724897
16.486610  4.120362  2.821584
16.486610  4.520373  2.924495
16.486610  4.920383  3.048115
16.486610  5.320394  2.821584
16.486610  5.720405  2.775931
16.486610  6.120415  2.870893
16.486610  6.520426  3.120673
16.486610  6.920437  3.547675
16.486610  7.320447  6.000000
16.486610  7.720458  6.000000
16.486610  8.120469  6.000000
16.486610  8.520480  6.000000
16.486610  8.920490  6.000000
17.101534  0.920276  6.000000
17.101534  1.320287  6.000000
17.101534  1.720298  6.000000
17.101534  2.120308  6.000000
17.101534  2.520319  3.547675
17.101534  2.920330  4.401679
17.101534  3.320340  6.000000
17.101534  3.720351  6.000000
17.101534  4.120362  4.401679
17.101534  4.520373  4.401679
17.101534  4.920383  2.983210
17.101534  5.320394  3.297895
17.101534  5.720405  2.870893
17.101534  6.120415  2.924495
17.101534  6.520426  2.924495
17.101534  6.920437  4.401679
17.101534  7.320447  6.000000
17.101534  7.720458  6.000000
17.101534  8.120469  6.000000
17.101534  8.520480  6.000000
17.101534  8.920490  6.000000
17.716458  0.920276  6.000000
17.716458  1.320287  6.000000
17.716458  1.720298  6.000000
17.716458  2.120308  6.000000
17.716458  2.520319  6.000000
17.716458  2.920330  6.000000
17.716458  3.320340  6.000000
17.716458  3.720351  6.000000
17.716458  4.120362  6.000000
17.716458  4.520373  3.410211
17.716458  4.920383  2.821584
17.716458  5.320394  3.410211
17.716458  5.720405  3.048115
17.716458  6.120415  3.120673
17.716458  6.520426  3.724897
17.716458  6.920437  6.000000
17.716458  7.320447  6.000000
17.716458  7.720458  6.000000
17.716458  8.120469  6.000000
17.716458  8.520480  6.000000
17.716458  8.920490  6.000000
18.331382  0.920276  6.000000
18.331382  1.320287  6.000000
18.331382  1.720298  6.000000
18.331382  2.120308  6.000000
18.331382  2.520319  6.000000
18.331382  2.920330  6.000000
18.331382  3.320340  6.000000
18.331382  3.720351  6.000000
18.331382  4.120362  6.000000
18.331382  4.520373  3.048115
18.331382  4.920383  2.983210
18.331382  5.320394  3.297895
18.331382  5.720405  3.048115
18.331382  6.120415  3.724897
18.331382  6.520426  3.974677
18.331382  6.920437  6.000000
18.331382  7.320447  6.000000
18.331382  7.720458  6.000000
18.331382  8.120469  6.000000
18.331382  8.520480  6.000000
18.331382  8.920490  6.000000
18.946306  0.920276  6.000000
18.946306  1.320287  6.000000
18.946306  1.720298  6.000000
18.946306  2.120308  6.000000
18.946306  2.520319  6.000000
18.946306  2.920330  6.000000
18.946306  3.320340  6.000000
18.946306  3.720351  6.000000
18.946306  4.120362  6.000000
18.946306  4.520373  3.974677
18.946306  4.920383  3.297895
18.946306  5.320394  3.974677
18.946306  5.720405  3.724897
18.946306  6.120415  6.000000
18.946306  6.520426  6.000000
18.946306  6.920437  6.000000
18.946306  7.320447  6.000000
18.946306  7.720458  6.000000
18.946306  8.120469  6.000000
18.946306  8.520480  6.000000
18.946306  8.920490  6.000000
19.561230  0.920276  6.000000
19.561230  1.320287  6.000000
19.561230  1.720298  6.000000
19.561230  2.120308  6.000000
19.561230  2.520319  6.000000
19.561230  2.920330  6.000000
19.561230  3.320340  6.000000
19.561230  3.720351  6.000000
19.561230  4.120362  6.000000
19.561230  4.520373  3.974677
19.561230  4.920383  6.000000
19.561230  5.320394  6.000000
19.561230  5.720405  4.401679
19.561230  6.120415  6.000000
19.561230  6.520426  6.000000
19.561230  6.920437  6.000000
19.561230  7.320447  6.000000
19.561230  7.720458  6.000000
19.561230  8.120469  6.000000
19.561230  8.520480  6.000000
19.561230  8.920490  6.000000
20.176154  0.920276  6.000000
20.176154  1.320287  6.000000
20.176154  1.720298  6.000000
20.176154  2.120308  6.000000
20.176154  2.520319  6.000000
20.176154  2.920330  6.000000
20.176154  3.320340  6.000000
20.176154  3.720351  6.000000
20.176154  4.120362  6.000000
20.176154  4.520373  6.000000
20.176154  4.920383  4.401679
20.176154  5.320394  6.000000
20.176154  5.720405  6.000000
20.176154  6.120415  6.000000
20.176154  6.520426  6.000000
20.176154  6.920437  6.000000
20.176154  7.320447  6.000000
20.176154  7.720458  6.000000
20.176154  8.120469  6.000000
20.176154  8.520480  6.000000
20.176154  8.920490  6.000000
20.791079  0.920276  6.000000
20.791079  1.320287  6.000000
20.791079  1.720298  6.000000
20.791079  2.120308  6.000000
20.791079  2.520319  6.000000
20.791079  2.920330  6.000000
20.791079  3.320340  6.000000
20.791079  3.720351  6.000000
20.791079  4.120362  6.000000
20.791079  4.520373  6.000000
20.791079  4.920383  4.401679
20.791079  5.320394  6.000000
20.791079  5.720405  6.000000
20.791079  6.120415  6.000000
20.791079  6.520426  6.000000
20.791079  6.920437  6.000000
20.791079  7.320447  6.000000
20.791079  7.720458  6.000000
20.791079  8.120469  6.000000
20.791079  8.520480  6.000000
20.791079  8.920490  6.000000
